"1" "2" "3" "4" "5" "6" "7" "8" "9" "10"
"11" 6.37095469942374 4.56902237027849 2.27824221549756 0 0 0 0 0 0 0
"13" 7.24403033142092 5.63780839087479 4.75905436260753 3.64260271982655 3.04308861353630 2.39136817393064 1.0264823869721 0 0 0
"15" 7.22337770577336 6.12569767441453 5.81441008011651 5.21601111938699 5.01584012331197 4.64477637977662 4.05187967124581 3.02299059863926 0.134626992657787 0
"17" 7.81718913820464 6.92083475625026 6.34530137181339 6.02707503801312 5.84951765405843 5.29930186036641 4.77153426657193 3.54350181420345 0 0
"33" 7.71487603759556 6.20037276391972 5.67315672869497 5.05677123108275 4.472000407805 3.32135158965491 0 0 0 0
"35" 8.68306775350974 7.81211794971108 7.09572023610712 6.39436379949941 5.93555118962845 5.31418577655141 4.2648138097884 1.72151031799007 0 0
"37" 10.1023602790847 8.49068070311242 8.23751129803362 7.4714052042903 7.22506573840696 6.58742498465193 5.82685675674174 4.46168038103292 0 0
"55" 10.5809806621365 9.02488194173915 8.45585842864553 7.625165907624 7.17515405918262 6.47088178805401 5.11025117022493 0.912450485584173 0 0
"57" 10.7544150728270 9.3933119596242 9.01725127645392 8.26985631551364 7.91229376718371 7.20047809752957 6.44027581770216 4.09069295447968 0 0
"77" 12.1572844245887 10.5590796687773 9.97366582388004 9.42873341088637 8.71858859757037 7.87589723385521 6.52924191440755 1.28938090427057 0 0
