"1" "2" "3" "4" "5" "6" "7" "8" "9" "10"
"11" 6.04996414306461 5.32011486309243 4.86821307928461 4.38782517817402 4.03054257382774 3.55494465444348 2.87592122954894 1.69819454797647 0 0
"13" 7.02052487249394 6.07320038920102 5.63663728019029 4.97317501670596 4.61211828069193 3.98349916429492 3.47284120375575 2.3932011333591 0 0
"15" 7.25119377185997 6.3256676241582 5.83728849521266 5.42468775069045 5.0569259598302 4.71678468801225 4.18759312461157 3.17494087332278 0 0
"17" 7.71027270058903 6.8210094228483 6.3248273123672 6.09242595700412 5.79264928749991 5.27012501171875 4.8321857075731 3.74345485401459 0 0
"33" 8.6783287107085 7.71452382638304 6.93579867983289 6.51756985325556 6.06782930900223 5.34392354149433 4.57354678181602 2.86952156498485 0 0
"35" 9.15629998420504 7.68175295768288 7.37979322703121 6.846195376569 6.25815926606836 5.71240045071926 4.86406081552004 3.33471878925552 0 0
"37" 9.50513548592264 8.2407706010049 8.12438912768236 7.32939738587524 7.15632668051473 6.58373434263627 5.95798545987092 4.79942239489021 0 0
"55" 9.85005338178142 8.96711747679922 8.52553012528372 7.89635077505219 7.2220948567173 6.50535296112064 5.7138551532406 3.92296066041959 0 0
"57" 10.1456570338899 9.08763095677546 8.70313739737682 8.23299647693557 7.628051211081 7.23996343295036 6.51286302993089 5.02113262461586 0 0
"77" 11.3439801178338 10.2063998125552 9.81786132574918 8.98733452244376 8.56066055336667 7.84821606030522 6.81718776776383 4.25600711628865 0 0
